100
7 0 0 5
4 6 0 5
0 2 0 4
5 15 0 2
11 1 0 2
1 13 0 8
2 6 0 10
5 14 0 7
13 11 0 5
2 1 0 6
11 14 0 6
12 11 0 12
0 8 0 11
6 13 0 14
8 6 0 11
5 11 0 8
8 5 0 15
13 12 0 0
6 12 0 4
1 6 0 3
15 6 0 2
9 15 0 6
10 2 0 10
0 6 0 10
14 10 0 12
12 7 0 2
10 14 0 12
10 7 0 5
13 2 0 6
14 7 0 15
1 6 0 3
14 5 0 5
6 11 0 3
11 0 0 15
4 11 0 4
0 5 0 3
11 4 0 11
14 7 0 6
5 10 0 11
7 6 0 12
0 10 0 6
6 11 0 9
7 14 0 15
8 7 0 5
7 5 0 9
6 9 0 7
4 12 0 11
13 3 0 0
13 15 0 9
3 8 0 15
4 1 0 9
7 1 0 8
1 9 0 6
6 8 0 13
0 8 0 4
6 8 0 4
11 1 0 6
9 1 0 9
8 10 0 6
9 8 0 15
3 9 0 8
5 12 0 4
8 8 0 7
6 2 0 6
1 4 0 10
10 5 0 7
5 0 0 5
15 4 0 8
11 4 0 1
0 2 0 4
14 3 0 14
1 6 0 10
8 2 0 2
8 0 0 8
0 14 0 6
1 0 0 11
11 1 0 15
9 15 0 2
15 11 0 7
1 13 0 14
11 5 0 10
1 2 0 9
11 10 0 5
8 1 0 5
14 3 0 3
5 0 0 2
5 13 0 14
9 10 0 14
10 13 0 3
7 8 0 13
5 0 0 5
0 9 0 12
1 8 0 5
1 4 0 1
15 15 0 12
11 13 0 0
12 1 0 1
13 2 0 5
13 11 0 13
10 5 0 4
